Automatically generated mesh
      13
Reciprocal lattice
    0.00000000000000    0.00000000000000    0.00000000000000             1
    0.20000000000000    0.00000000000001    0.00000000000000             2
    0.40000000000001    0.00000000000000    0.00000000000000             2
    0.00000000000001    0.20000000000001    0.00000000000000             2
    0.20000000000000    0.20000000000000    0.00000000000000             2
    0.39999999999999    0.20000000000000    0.00000000000000             2
   -0.39999999999999    0.20000000000000    0.00000000000000             2
   -0.19999999999999    0.20000000000000    0.00000000000000             2
    0.00000000000000    0.40000000000000    0.00000000000000             2
    0.20000000000000    0.40000000000000    0.00000000000000             2
    0.40000000000000    0.40000000000000    0.00000000000000             2
   -0.40000000000000    0.40000000000000    0.00000000000001             2
   -0.19999999999999    0.40000000000000    0.00000000000001             2
Tetrahedra
        72    0.00666666666667
         2         4         4         8        13
         2         4         4         9        13
         2         4         9         9        13
         2         4         8         8        13
         2         4         8        13        13
         2         4         9        13        13
         2         9         9        10        13
         4         9         9         9        10
         2         9        10        13        13
         2         9        10        10        13
         2         9         9        10        10
         2         5         9         9        10
         2         4         5         9         9
         2         4         4         5         9
         2         5         9        10        10
         2         5         5         9        10
         2         4         5         5         9
         2         2         4         4         5
         2         1         2         4         4
         2         1         1         2         4
         2         2         4         5         5
         2         2         2         4         5
         2         1         2         2         4
         2         1         1         2         8
         2         1         1         4         8
         2         1         4         4         8
         2         1         2         2         8
         2         1         2         8         8
         2         1         4         8         8
         2         7         8         8        12
         2         8         8        12        13
         2         8        12        13        13
         2         7         7         8        12
         2         7         8        12        12
         2         8        12        12        13
         2        11        12        13        13
         2        10        11        13        13
         2        10        10        11        13
         2        11        12        12        13
         2        11        11        12        13
         2        10        11        11        13
         2         6        10        10        11
         2         5         6        10        10
         2         5         5         6        10
         2         6        10        11        11
         2         6         6        10        11
         2         5         6         6        10
         2         3         5         5         6
         2         2         3         5         5
         2         2         2         3         5
         2         3         5         6         6
         2         3         3         5         6
         2         2         3         3         5
         2         2         2         3         7
         2         2         2         7         8
         2         2         7         8         8
         2         2         3         3         7
         2         2         3         7         7
         2         2         7         7         8
         2         6         7         7        11
         2         7         7        11        12
         2         7        11        12        12
         2         6         6         7        11
         2         6         7        11        11
         2         7        11        11        12
         4        11        12        12        12
         2        11        11        12        12
         2         3         6         6         7
         2         3         3         6         6
         4         3         3         3         6
         2         3         6         7         7
         2         3         3         6         7
